5610223850
5639287233
5608595025
5608592949
5598697162
5632727880
5632728471
5613495690
5639287295
5598947295
5632727812
5627767628
5619615746
5632719916
5639278380
5398647791
5620009673
5627768474
5635152234
5603180054
5632724265
5627768073
5623828205
5620011990
5610222177
5605917796
5573055419
5550648372
5634430580
5639279563
5627767072
5634431230
5541818358
5635152528
5632720732
5639745470
5627769614
5627771512
5636671722
5616272033
5619624955
5615595433
5552646022
5572876691
5577083897
5638899654
5612441835
5632622808
5627771311
5596428591
5636660676
5603178661
5596428563
5611704456
5603182561
5598697203
5555060780
5634050050
5525084434
5482918024
5639283257
5632618290
5615595505
5636669098
5627767443
5634428849
5598946323
5610224527
5607938264
5619622267
5639750458
5627770947
5637847597
5641167054
5637837985
5634431333
5620010427
5627771095
5637839909
5619613759
5638904433
5644422855
5613046268
5644443946
5637669654
5526835539
5618506816
5526835540
5590079521
5585458351
5644827095
5615100898
5628890115
5379043533
5469046520
5384339603
5384339533
5633867873
5335620344
5335620770
5438476016
5438476028
5623751463
5548265344
5599761708
5644420852
5645710331
5644449380
5633878260
5398702296
5593455449
5510093521
5628866279
5616745891
5607261558
5615101121
5508593122
5528692212
5089094339
5626962009
5630408186
5504378930
5646173794
5587353571
5646174240
5646880064
5646174878
5647270894
5647475485
5647270377
5648685995
5647270724
5649890101
5649898336
5649890345
5649900150
5647269435
5634431582
5653908522
5653910605
5653911903
5653909883
5654633594
5648683862
5654698006
5654936429
5654936273
5653908788
5619613742
5656231744
5657087114
5657085412
5657082831
5657082678
5659120984
5659122833
5639284117
5659386365
5659386885
5588757147
5598022768
5649885156
5636665714
5659930522
5659926177
5659848487
5588757148
5659848968
5659930427
5654934565
5659171132
5659930421
5627768083
5654936348
5637569131
5653288929
5661254342
5661254238
5655894827
5633890579
5632620454
5659930471
5659930404
5627771573
5661089027
5285945092
5072159080
5281925282
5294954339
4020381935
5503865021
5658373252
5644546751
5627141152
4590722105
5550234694
3101585391
5164935654
2198352757
5628849072
5211779247
5281924177
2490176970
5490946197
2658063073
2658062517
5524279550
5661254117
5661259053
5607259052
5661638945
5661639020
5661686169
5662040386
5634429145
5661640033
5662372049
5662371704
5663139869
5659137525
5663141556
5663141561
5659137370
5623751347
5648146424
5657088367
5657089490
5599764115
5659137251
5637670989
5628840609
5608327993
5623751702
5664195980
5659137619
5657089718
5665334594
5655897121
5625621781
5665334465
5647270221
5662373068
5613025893
5662371807
5662372440
5664644885
5666045128
5664659198
5495193847
5657090780
5393706427
5649315458
5588757270
5621106748
5608328129
5658282074
5670145677
5670145665
5670550309
5670549480
5670549904
5666091908
5671415887
5670148958
5670148959
5672577042
5671629131
5666054596
5671415829
5672577677
5671415920
5661254313
5672735284
5637670428
5637670798
5672806979
5639526829
5664640224
5674949307
5674953459
5615099286
5670149214
5539197623
5671631072
5671631586
5676525367
5676525021
5676842086
5676535681
5680320532
5680321148
5678810505
5682621893
5678068583
5677141312
5680963676
5683834353
5680960772
5681940410
5672736440
5671628707
5680321077
5672738730
5673832661
5671625678
5678812588
5681940408
5682622373
5680960786
5671783599
5681373912
5669011709
5670550893
5685314763
5686605746
5687609189
5687247476
5688079109
5688078753
5688254781
5689759243
5689757909
5670549435
5690984569
5691677317
5691757189
5691757228
5688079224
5670550394
5693750622
5689759121
5689760075
5694090917
5697206773
5697517995
5693749141
5699705864
5699977932
5699977784
5699983024
5699982643
5691676606
5700378912
5685321216
5700999023
5697395776
5701583474
5701280809
5702488078
5702486556
5689757893
5677688871
5703564818
5704500948
5704488358
5704495426
5705682472
5704488356
5697206581
5702714214
